{
  "nbformat": 4,
  "nbformat_minor": 5,
  "metadata": {
    "kernelspec": {
      "name": "maxima",
      "display_name": "Maxima",
      "language": "maxima"
    },
    "aximar": {}
  },
  "cells": [
    {
      "cell_type": "markdown",
      "source": "# 3D Surface Gallery\n\nA tour of mathematical surfaces rendered as interactive 3D plots. We use\nMaxima's symbolic engine to **analyse** each surface — computing gradients,\nHessians, and curvatures — before handing the expressions to `ax-plots`\nfor visualization. This is the symbolic-numeric bridge in action: the CAS\nderives exact formulas, and the plotting library samples them numerically.",
      "metadata": {}
    },
    {
      "cell_type": "code",
      "source": "load(\"numerics\")$\nload(\"ax-plots\")$",
      "metadata": {},
      "execution_count": 121,
      "outputs": []
    },
    {
      "cell_type": "markdown",
      "source": "## Classic Surfaces\n\nThree well-known quadric and cubic surfaces that appear throughout\nmultivariable calculus.",
      "metadata": {}
    },
    {
      "cell_type": "code",
      "source": "/* Saddle surface: z = x^2 - y^2 */\nax_draw3d(\n  explicit(x^2 - y^2, x, -2, 2, y, -2, 2),\n  title=\"Saddle Surface\", colorscale=\"RdBu\"\n)$",
      "metadata": {},
      "execution_count": 122,
      "outputs": [
        {
          "data": {
            "application/x-maxima-plotly": [
              "{\"data\":[{\"x\":[-2.0,-1.9183673469387754,-1.836734693877551,-1.7551020408163265,-1.6734693877551021,-1.5918367346938775,-1.510204081632653,-1.4285714285714286,-1.3469387755102042,-1.2653061224489797,-1.183673469387755,-1.1020408163265307,-1.0204081632653061,-0.9387755102040818,-0.8571428571428572,-0.7755102040816328,-0.6938775510204083,-0.6122448979591837,-0.5306122448979593,-0.44897959183673475,-0.3673469387755104,-0.2857142857142858,-0.20408163265306145,-0.12244897959183687,-0.04081632653061229,0.04081632653061229,0.12244897959183643,0.204081632653061,0.2857142857142856,0.36734693877551017,0.4489795918367343,0.5306122448979589,0.6122448979591835,0.693877551020408,0.7755102040816326,0.8571428571428568,0.9387755102040813,1.020408163265306,1.1020408163265305,1.1836734693877546,1.2653061224489792,1.3469387755102038,1.4285714285714284,1.510204081632653,1.591836734693877,1.6734693877551017,1.7551020408163263,1.8367346938775508,1.9183673469387754,1.9999999999999996],\"y\":[-2.0,-1.9183673469387754,-1.836734693877551,-1.7551020408163265,-1.6734693877551021,-1.5918367346938775,-1.510204081632653,-1.4285714285714286,-1.3469387755102042,-1.2653061224489797,-1.183673469387755,-1.1020408163265307,-1.0204081632653061,-0.9387755102040818,-0.8571428571428572,-0.7755102040816328,-0.6938775510204083,-0.6122448979591837,-0.5306122448979593,-0.44897959183673475,-0.3673469387755104,-0.2857142857142858,-0.20408163265306145,-0.12244897959183687,-0.04081632653061229,0.04081632653061229,0.12244897959183643,0.204081632653061,0.2857142857142856,0.36734693877551017,0.4489795918367343,0.5306122448979589,0.6122448979591835,0.693877551020408,0.7755102040816326,0.8571428571428568,0.9387755102040813,1.020408163265306,1.1020408163265305,1.1836734693877546,1.2653061224489792,1.3469387755102038,1.4285714285714284,1.510204081632653,1.591836734693877,1.6734693877551017,1.7551020408163263,1.8367346938775508,1.9183673469387754,1.9999999999999996],\"z\":[[0.0,0.31986672219908385,0.6264056643065388,0.9196168263223661,1.1995002082465636,1.4660558100791339,1.7192836318200753,1.9591836734693877,2.1857559350270717,2.399000416493128,2.598917117867555,2.785506039150354,2.9587671803415243,3.118700541441066,3.2653061224489797,3.398583923365264,3.5185339441899206,3.6251561849229486,3.718450645564348,3.798417326114119,3.8650562265722614,3.9183673469387754,3.958350687213661,3.985006247396918,3.9983340274885464,3.9983340274885464,3.985006247396918,3.958350687213661,3.9183673469387754,3.8650562265722614,3.7984173261141194,3.7184506455643485,3.625156184922949,3.518533944189921,3.3985839233652646,3.26530612244898,3.1187005414410667,2.9587671803415247,2.7855060391503543,2.5989171178675563,2.399000416493129,2.185755935027073,1.9591836734693882,1.7192836318200753,1.4660558100791352,1.1995002082465653,0.9196168263223665,0.6264056643065397,0.31986672219908385,1.7763568394002505e-15],[-0.31986672219908385,0.0,0.3065389421074549,0.5997501041232822,0.8796334860474797,1.14618908788005,1.3994169096209914,1.6393169512703039,1.8658892128279878,2.079133694294044,2.279050395668471,2.46563931695127,2.6389004581424405,2.798833819241982,2.945439400249896,3.0787172011661803,3.1986672219908368,3.3052894627238647,3.398583923365264,3.478550603915035,3.5451895043731776,3.5985006247396916,3.638483965014577,3.665139525197834,3.6784673052894625,3.6784673052894625,3.665139525197834,3.638483965014577,3.5985006247396916,3.5451895043731776,3.4785506039150356,3.3985839233652646,3.305289462723865,3.198667221990837,3.0787172011661808,2.9454394002498963,2.798833819241983,2.638900458142441,2.4656393169512705,2.2790503956684725,2.079133694294045,1.865889212827989,1.6393169512703043,1.3994169096209914,1.1461890878800514,0.8796334860474815,0.5997501041232827,0.3065389421074558,0.0,-0.3198667221990821],[-0.6264056643065388,-0.3065389421074549,0.0,0.2932111620158273,0.5730945439400248,0.8396501457725951,1.0928779675135365,1.332778009162849,1.559350270720533,1.772594752186589,1.9725114535610164,2.159100374843815,2.3323615160349855,2.492294877134527,2.638900458142441,2.7721782590587254,2.892128279883382,2.99875052061641,3.0920449812578092,3.17201166180758,3.2386505622657227,3.2919616826322367,3.331945022907122,3.358600583090379,3.3719283631820076,3.3719283631820076,3.358600583090379,3.331945022907122,3.2919616826322367,3.2386505622657227,3.1720116618075807,3.0920449812578097,2.9987505206164102,2.8921282798833823,2.772178259058726,2.6389004581424413,2.492294877134528,2.332361516034986,2.1591003748438156,1.9725114535610175,1.7725947521865901,1.559350270720534,1.3327780091628494,1.0928779675135365,0.8396501457725964,0.5730945439400266,0.29321116201582775,8.881784197001252e-16,-0.3065389421074549,-0.626405664306537],[-0.9196168263223661,-0.5997501041232822,-0.2932111620158273,0.0,0.2798833819241975,0.5464389837567678,0.7996668054977092,1.0395668471470216,1.2661391087047056,1.4793835901707617,1.6793002915451891,1.8658892128279876,2.0391503540191582,2.1990837151186997,2.345689296126613,2.478967097042898,2.5989171178675545,2.705539358600583,2.798833819241982,2.878800499791753,2.9454394002498954,2.9987505206164093,3.038733860891295,3.065389421074552,3.0787172011661803,3.0787172011661803,3.065389421074552,3.038733860891295,2.9987505206164093,2.9454394002498954,2.8788004997917533,2.7988338192419824,2.705539358600583,2.598917117867555,2.4789670970428985,2.345689296126614,2.1990837151187006,2.0391503540191587,1.8658892128279883,1.6793002915451902,1.4793835901707628,1.2661391087047067,1.039566847147022,0.7996668054977092,0.5464389837567691,0.27988338192419926,4.440892098500626e-16,-0.2932111620158264,-0.5997501041232822,-0.9196168263223643],[-1.1995002082465636,-0.8796334860474797,-0.5730945439400248,-0.2798833819241975,0.0,0.2665556018325703,0.5197834235735117,0.7596834652228242,0.9862557267805081,1.1995002082465642,1.3994169096209916,1.58600583090379,1.7592669720949607,1.9192003331945022,2.065805914202416,2.1990837151187006,2.319033735943357,2.425655976676385,2.5189504373177845,2.5989171178675554,2.665556018325698,2.718867138692212,2.7588504789670973,2.7855060391503543,2.798833819241983,2.798833819241983,2.7855060391503543,2.7588504789670973,2.718867138692212,2.665556018325698,2.598917117867556,2.518950437317785,2.4256559766763854,2.3190337359433575,2.199083715118701,2.0658059142024165,1.9192003331945031,1.7592669720949612,1.5860058309037908,1.3994169096209927,1.1995002082465653,0.9862557267805092,0.7596834652228246,0.5197834235735117,0.26655560183257165,1.7763568394002505e-15,-0.27988338192419704,-0.5730945439400239,-0.8796334860474797,-1.1995002082465618],[-1.4660558100791339,-1.14618908788005,-0.8396501457725951,-0.5464389837567678,-0.2665556018325703,0.0,0.2532278217409414,0.49312786339025383,0.7197001249479378,0.9329446064139939,1.1328613077884213,1.3194502290712198,1.4927113702623904,1.652644731361932,1.7992503123698456,1.9325281132861303,2.0524781341107867,2.159100374843815,2.252394835485214,2.332361516034985,2.3990004164931276,2.4523115368596415,2.492294877134527,2.518950437317784,2.5322782174094125,2.5322782174094125,2.518950437317784,2.492294877134527,2.4523115368596415,2.3990004164931276,2.3323615160349855,2.2523948354852146,2.159100374843815,2.052478134110787,1.9325281132861307,1.7992503123698462,1.6526447313619328,1.4927113702623909,1.3194502290712204,1.1328613077884224,0.932944606413995,0.7197001249479389,0.4931278633902543,0.2532278217409414,1.3322676295501878e-15,-0.26655560183256855,-0.5464389837567674,-0.8396501457725942,-1.14618908788005,-1.466055810079132],[-1.7192836318200753,-1.3994169096209914,-1.0928779675135365,-0.7996668054977092,-0.5197834235735117,-0.2532278217409414,0.0,0.23990004164931245,0.4664723032069964,0.6797167846730525,0.8796334860474799,1.0662224073302784,1.239483548521449,1.3994169096209905,1.5460224906289042,1.679300291545189,1.7992503123698453,1.9058725531028735,1.9991670137442727,2.0791336942940437,2.145772594752186,2.1990837151187,2.2390670553935856,2.2657226155768426,2.279050395668471,2.279050395668471,2.2657226155768426,2.2390670553935856,2.1990837151187,2.145772594752186,2.079133694294044,1.9991670137442732,1.9058725531028737,1.7992503123698458,1.6793002915451893,1.5460224906289048,1.3994169096209914,1.2394835485214495,1.066222407330279,0.879633486047481,0.6797167846730536,0.4664723032069975,0.2399000416493129,0.0,-0.25322782174094005,-0.5197834235735099,-0.7996668054977087,-1.0928779675135356,-1.3994169096209914,-1.7192836318200735],[-1.9591836734693877,-1.6393169512703039,-1.332778009162849,-1.0395668471470216,-0.7596834652228242,-0.49312786339025383,-0.23990004164931245,0.0,0.22657226155768395,0.4398167430237401,0.6397334443981675,0.826322365680966,0.9995835068721366,1.159516867971678,1.3061224489795917,1.4394002498958764,1.559350270720533,1.665972511453561,1.7592669720949603,1.8392336526447313,1.9058725531028737,1.9591836734693877,1.9991670137442732,2.02582257392753,2.0391503540191587,2.0391503540191587,2.02582257392753,1.9991670137442734,1.959183673469388,1.905872553102874,1.8392336526447317,1.7592669720949607,1.6659725114535613,1.5593502707205333,1.439400249895877,1.3061224489795924,1.159516867971679,0.999583506872137,0.8263223656809666,0.6397334443981686,0.4398167430237412,0.22657226155768506,4.440892098500626e-16,-0.23990004164931245,-0.4931278633902525,-0.7596834652228224,-1.0395668471470212,-1.332778009162848,-1.6393169512703039,-1.959183673469386],[-2.1857559350270717,-1.8658892128279878,-1.559350270720533,-1.2661391087047056,-0.9862557267805081,-0.7197001249479378,-0.4664723032069964,-0.22657226155768395,0.0,0.21324448146605612,0.41316118284048353,0.599750104123282,0.7730112453144526,0.9329446064139942,1.0795501874219078,1.2128279883381925,1.332778009162849,1.4394002498958771,1.5326947105372764,1.6126613910870473,1.6793002915451898,1.7326114119117038,1.7725947521865892,1.7992503123698462,1.8125780924614747,1.8125780924614747,1.7992503123698464,1.7725947521865895,1.732611411911704,1.67930029154519,1.6126613910870478,1.5326947105372768,1.4394002498958773,1.3327780091628494,1.212827988338193,1.0795501874219084,0.9329446064139951,0.7730112453144531,0.5997501041232827,0.41316118284048464,0.21324448146605723,1.1102230246251565e-15,-0.2265722615576835,-0.4664723032069964,-0.7197001249479364,-0.9862557267805063,-1.2661391087047051,-1.559350270720532,-1.8658892128279878,-2.18575593502707],[-2.399000416493128,-2.079133694294044,-1.772594752186589,-1.4793835901707617,-1.1995002082465642,-0.9329446064139939,-0.6797167846730525,-0.4398167430237401,-0.21324448146605612,0.0,0.1999167013744274,0.3865056226572259,0.5597667638483965,0.7197001249479381,0.8663057059558517,0.9995835068721364,1.119533527696793,1.226155768429821,1.3194502290712202,1.3994169096209912,1.4660558100791337,1.5193669304456476,1.5593502707205331,1.58600583090379,1.5993336109954186,1.5993336109954186,1.5860058309037903,1.5593502707205333,1.5193669304456479,1.4660558100791339,1.3994169096209916,1.3194502290712207,1.2261557684298212,1.1195335276967933,0.9995835068721367,0.8663057059558524,0.719700124947939,0.559766763848397,0.38650562265722654,0.19991670137442852,1.1102230246251565e-15,-0.213244481466055,-0.43981674302373963,-0.6797167846730525,-0.9329446064139926,-1.1995002082465624,-1.4793835901707613,-1.7725947521865881,-2.079133694294044,-2.3990004164931262],[-2.598917117867555,-2.279050395668471,-1.9725114535610164,-1.6793002915451891,-1.3994169096209916,-1.1328613077884213,-0.8796334860474799,-0.6397334443981675,-0.41316118284048353,-0.1999167013744274,0.0,0.18658892128279847,0.3598500624739691,0.5197834235735107,0.6663890045814242,0.799666805497709,0.9196168263223655,1.0262390670553936,1.1195335276967928,1.1995002082465638,1.2661391087047063,1.3194502290712202,1.3594335693461057,1.3860891295293627,1.3994169096209912,1.3994169096209912,1.386089129529363,1.359433569346106,1.3194502290712204,1.2661391087047065,1.1995002082465642,1.1195335276967933,1.0262390670553938,0.9196168263223659,0.7996668054977093,0.666389004581425,0.5197834235735116,0.35985006247396956,0.18658892128279914,1.1102230246251565e-15,-0.1999167013744263,-0.4131611828404824,-0.639733444398167,-0.8796334860474799,-1.13286130778842,-1.3994169096209899,-1.6793002915451887,-1.9725114535610155,-2.279050395668471,-2.598917117867553],[-2.785506039150354,-2.46563931695127,-2.159100374843815,-1.8658892128279876,-1.58600583090379,-1.3194502290712198,-1.0662224073302784,-0.826322365680966,-0.599750104123282,-0.3865056226572259,-0.18658892128279847,0.0,0.17326114119117064,0.33319450229071224,0.4798000832986258,0.6130778842149105,0.733027905039567,0.8396501457725951,0.9329446064139943,1.0129112869637653,1.0795501874219078,1.1328613077884218,1.1728446480633072,1.1995002082465642,1.2128279883381927,1.2128279883381927,1.1995002082465644,1.1728446480633075,1.132861307788422,1.079550187421908,1.0129112869637658,0.9329446064139948,0.8396501457725953,0.7330279050395674,0.6130778842149108,0.47980008329862656,0.3331945022907131,0.1732611411911711,6.661338147750939e-16,-0.18658892128279736,-0.38650562265722477,-0.5997501041232809,-0.8263223656809655,-1.0662224073302784,-1.3194502290712185,-1.5860058309037883,-1.8658892128279871,-2.1591003748438142,-2.46563931695127,-2.785506039150352],[-2.9587671803415243,-2.6389004581424405,-2.3323615160349855,-2.0391503540191582,-1.7592669720949607,-1.4927113702623904,-1.239483548521449,-0.9995835068721366,-0.7730112453144526,-0.5597667638483965,-0.3598500624739691,-0.17326114119117064,0.0,0.1599333610995416,0.30653894210745514,0.43981674302373985,0.5597667638483964,0.6663890045814245,0.7596834652228237,0.8396501457725948,0.9062890462307371,0.9596001665972511,0.9995835068721366,1.0262390670553936,1.039566847147022,1.039566847147022,1.0262390670553938,0.9995835068721367,0.9596001665972513,0.9062890462307372,0.8396501457725951,0.7596834652228242,0.6663890045814247,0.5597667638483967,0.4398167430237402,0.3065389421074559,0.15993336109954248,4.440892098500626e-16,-0.17326114119116998,-0.359850062473968,-0.5597667638483954,-0.7730112453144515,-0.9995835068721362,-1.239483548521449,-1.492711370262389,-1.759266972094959,-2.039150354019158,-2.3323615160349846,-2.6389004581424405,-2.9587671803415225],[-3.118700541441066,-2.798833819241982,-2.492294877134527,-2.1990837151186997,-1.9192003331945022,-1.652644731361932,-1.3994169096209905,-1.159516867971678,-0.9329446064139942,-0.7197001249479381,-0.5197834235735107,-0.33319450229071224,-0.1599333610995416,0.0,0.14660558100791354,0.27988338192419826,0.3998334027488548,0.5064556434818829,0.5997501041232821,0.6797167846730532,0.7463556851311955,0.7996668054977095,0.839650145772595,0.866305705955852,0.8796334860474805,0.8796334860474805,0.8663057059558521,0.8396501457725951,0.7996668054977096,0.7463556851311957,0.6797167846730536,0.5997501041232827,0.5064556434818832,0.39983340274885515,0.2798833819241986,0.14660558100791432,8.881784197001252e-16,-0.15993336109954115,-0.33319450229071157,-0.5197834235735096,-0.719700124947937,-0.9329446064139931,-1.1595168679716776,-1.3994169096209905,-1.6526447313619306,-1.9192003331945005,-2.1990837151186993,-2.492294877134526,-2.798833819241982,-3.118700541441064],[-3.2653061224489797,-2.945439400249896,-2.638900458142441,-2.345689296126613,-2.065805914202416,-1.7992503123698456,-1.5460224906289042,-1.3061224489795917,-1.0795501874219078,-0.8663057059558517,-0.6663890045814242,-0.4798000832986258,-0.30653894210745514,-0.14660558100791354,0.0,0.13327780091628472,0.2532278217409413,0.35985006247396933,0.45314452311536857,0.5331112036651396,0.599750104123282,0.653061224489796,0.6930445647646815,0.7197001249479384,0.7330279050395669,0.7330279050395669,0.7197001249479386,0.6930445647646816,0.6530612244897962,0.5997501041232821,0.53311120366514,0.45314452311536907,0.3598500624739696,0.2532278217409416,0.13327780091628505,7.771561172376096e-16,-0.14660558100791266,-0.3065389421074547,-0.4798000832986251,-0.6663890045814231,-0.8663057059558505,-1.0795501874219067,-1.3061224489795913,-1.5460224906289042,-1.7992503123698442,-2.0658059142024143,-2.345689296126613,-2.63890045814244,-2.945439400249896,-3.265306122448978],[-3.398583923365264,-3.0787172011661803,-2.7721782590587254,-2.478967097042898,-2.1990837151187006,-1.9325281132861303,-1.679300291545189,-1.4394002498958764,-1.2128279883381925,-0.9995835068721364,-0.799666805497709,-0.6130778842149105,-0.43981674302373985,-0.27988338192419826,-0.13327780091628472,0.0,0.11995002082465656,0.22657226155768462,0.31986672219908385,0.3998334027488549,0.4664723032069973,0.5197834235735113,0.5597667638483967,0.5864223240316537,0.5997501041232822,0.5997501041232822,0.5864223240316538,0.5597667638483969,0.5197834235735115,0.4664723032069974,0.3998334027488553,0.31986672219908435,0.2265722615576849,0.11995002082465689,3.3306690738754696e-16,-0.13327780091628394,-0.27988338192419737,-0.4398167430237394,-0.6130778842149098,-0.7996668054977079,-0.9995835068721353,-1.2128279883381914,-1.439400249895876,-1.679300291545189,-1.932528113286129,-2.199083715118699,-2.4789670970428976,-2.7721782590587245,-3.0787172011661803,-3.3985839233652624],[-3.5185339441899206,-3.1986672219908368,-2.892128279883382,-2.5989171178675545,-2.319033735943357,-2.0524781341107867,-1.7992503123698453,-1.559350270720533,-1.332778009162849,-1.119533527696793,-0.9196168263223655,-0.733027905039567,-0.5597667638483964,-0.3998334027488548,-0.2532278217409413,-0.11995002082465656,0.0,0.10662224073302806,0.1999167013744273,0.27988338192419837,0.34652228238234073,0.39983340274885476,0.4398167430237402,0.46647230320699723,0.4798000832986257,0.4798000832986257,0.4664723032069973,0.43981674302374035,0.39983340274885487,0.34652228238234084,0.27988338192419876,0.1999167013744278,0.10662224073302834,3.3306690738754696e-16,-0.11995002082465622,-0.2532278217409405,-0.3998334027488539,-0.559766763848396,-0.7330279050395664,-0.9196168263223644,-1.1195335276967917,-1.332778009162848,-1.5593502707205324,-1.7992503123698453,-2.0524781341107854,-2.3190337359433553,-2.598917117867554,-2.892128279883381,-3.1986672219908368,-3.518533944189919],[-3.6251561849229486,-3.3052894627238647,-2.99875052061641,-2.705539358600583,-2.425655976676385,-2.159100374843815,-1.9058725531028735,-1.665972511453561,-1.4394002498958771,-1.226155768429821,-1.0262390670553936,-0.8396501457725951,-0.6663890045814245,-0.5064556434818829,-0.35985006247396933,-0.22657226155768462,-0.10662224073302806,0.0,0.09329446064139924,0.17326114119117028,0.23990004164931264,0.2932111620158267,0.3331945022907121,0.35985006247396917,0.37317784256559766,0.37317784256559766,0.3598500624739692,0.3331945022907123,0.2932111620158268,0.2399000416493128,0.1732611411911707,0.09329446064139973,2.7755575615628914e-16,-0.10662224073302773,-0.22657226155768428,-0.35985006247396856,-0.506455643481882,-0.666389004581424,-0.8396501457725944,-1.0262390670553925,-1.2261557684298199,-1.439400249895876,-1.6659725114535606,-1.9058725531028735,-2.1591003748438133,-2.425655976676383,-2.705539358600582,-2.998750520616409,-3.3052894627238647,-3.625156184922947],[-3.718450645564348,-3.398583923365264,-3.0920449812578092,-2.798833819241982,-2.5189504373177845,-2.252394835485214,-1.9991670137442727,-1.7592669720949603,-1.5326947105372764,-1.3194502290712202,-1.1195335276967928,-0.9329446064139943,-0.7596834652228237,-0.5997501041232821,-0.45314452311536857,-0.31986672219908385,-0.1999167013744273,-0.09329446064139924,0.0,0.07996668054977105,0.1466055810079134,0.19991670137442746,0.23990004164931286,0.26655560183256993,0.2798833819241984,0.2798833819241984,0.26655560183257,0.23990004164931306,0.19991670137442757,0.14660558100791357,0.07996668054977146,4.996003610813204e-16,-0.09329446064139896,-0.19991670137442696,-0.3198667221990835,-0.4531445231153678,-0.5997501041232812,-0.7596834652228233,-0.9329446064139937,-1.1195335276967917,-1.3194502290712191,-1.5326947105372752,-1.7592669720949599,-1.9991670137442727,-2.252394835485213,-2.5189504373177827,-2.7988338192419815,-3.0920449812578084,-3.398583923365264,-3.7184506455643462],[-3.798417326114119,-3.478550603915035,-3.17201166180758,-2.878800499791753,-2.5989171178675554,-2.332361516034985,-2.0791336942940437,-1.8392336526447313,-1.6126613910870473,-1.3994169096209912,-1.1995002082465638,-1.0129112869637653,-0.8396501457725948,-0.6797167846730532,-0.5331112036651396,-0.3998334027488549,-0.27988338192419837,-0.17326114119117028,-0.07996668054977105,0.0,0.06663890045814236,0.1199500208246564,0.15993336109954182,0.18658892128279886,0.19991670137442738,0.19991670137442738,0.18658892128279897,0.159933361099542,0.11995002082465653,0.06663890045814252,4.163336342344337e-16,-0.07996668054977055,-0.17326114119117,-0.27988338192419804,-0.3998334027488546,-0.5331112036651389,-0.6797167846730523,-0.8396501457725943,-1.0129112869637646,-1.1995002082465627,-1.39941690962099,-1.6126613910870462,-1.8392336526447308,-2.0791336942940437,-2.3323615160349838,-2.5989171178675536,-2.8788004997917525,-3.1720116618075793,-3.478550603915035,-3.798417326114117],[-3.8650562265722614,-3.5451895043731776,-3.2386505622657227,-2.9454394002498954,-2.665556018325698,-2.3990004164931276,-2.145772594752186,-1.9058725531028737,-1.6793002915451898,-1.4660558100791337,-1.2661391087047063,-1.0795501874219078,-0.9062890462307371,-0.7463556851311955,-0.599750104123282,-0.4664723032069973,-0.34652228238234073,-0.23990004164931264,-0.1466055810079134,-0.06663890045814236,0.0,0.053311120366514045,0.09329446064139946,0.1199500208246565,0.13327780091628502,0.13327780091628502,0.11995002082465661,0.09329446064139965,0.05331112036651417,1.6653345369377348e-16,-0.06663890045814194,-0.1466055810079129,-0.23990004164931236,-0.3465222823823404,-0.46647230320699695,-0.5997501041232812,-0.7463556851311947,-0.9062890462307367,-1.0795501874219071,-1.2661391087047051,-1.4660558100791325,-1.6793002915451887,-1.9058725531028733,-2.145772594752186,-2.3990004164931262,-2.665556018325696,-2.945439400249895,-3.238650562265722,-3.5451895043731776,-3.8650562265722597],[-3.9183673469387754,-3.5985006247396916,-3.2919616826322367,-2.9987505206164093,-2.718867138692212,-2.4523115368596415,-2.1990837151187,-1.9591836734693877,-1.7326114119117038,-1.5193669304456476,-1.3194502290712202,-1.1328613077884218,-0.9596001665972511,-0.7996668054977095,-0.653061224489796,-0.5197834235735113,-0.39983340274885476,-0.2932111620158267,-0.19991670137442746,-0.1199500208246564,-0.053311120366514045,0.0,0.03998334027488542,0.06663890045814246,0.07996668054977098,0.07996668054977098,0.06663890045814257,0.0399833402748856,1.249000902703301e-16,-0.05331112036651388,-0.11995002082465599,-0.19991670137442696,-0.2932111620158264,-0.3998334027488544,-0.5197834235735109,-0.6530612244897952,-0.7996668054977086,-0.9596001665972507,-1.132861307788421,-1.3194502290712191,-1.5193669304456465,-1.7326114119117026,-1.9591836734693873,-2.1990837151187,-2.45231153685964,-2.71886713869221,-2.998750520616409,-3.2919616826322358,-3.5985006247396916,-3.9183673469387736],[-3.958350687213661,-3.638483965014577,-3.331945022907122,-3.038733860891295,-2.7588504789670973,-2.492294877134527,-2.2390670553935856,-1.9991670137442732,-1.7725947521865892,-1.5593502707205331,-1.3594335693461057,-1.1728446480633072,-0.9995835068721366,-0.839650145772595,-0.6930445647646815,-0.5597667638483967,-0.4398167430237402,-0.3331945022907121,-0.23990004164931286,-0.15993336109954182,-0.09329446064139946,-0.03998334027488542,0.0,0.026655560183257036,0.03998334027488556,0.03998334027488556,0.026655560183257147,1.8041124150158794e-16,-0.039983340274885294,-0.09329446064139929,-0.1599333610995414,-0.23990004164931236,-0.33319450229071185,-0.43981674302373985,-0.5597667638483964,-0.6930445647646807,-0.8396501457725941,-0.9995835068721362,-1.1728446480633066,-1.3594335693461046,-1.559350270720532,-1.7725947521865881,-1.9991670137442727,-2.2390670553935856,-2.4922948771345257,-2.7588504789670956,-3.0387338608912944,-3.3319450229071212,-3.638483965014577,-3.958350687213659],[-3.985006247396918,-3.665139525197834,-3.358600583090379,-3.065389421074552,-2.7855060391503543,-2.518950437317784,-2.2657226155768426,-2.02582257392753,-1.7992503123698462,-1.58600583090379,-1.3860891295293627,-1.1995002082465642,-1.0262390670553936,-0.866305705955852,-0.7197001249479384,-0.5864223240316537,-0.46647230320699723,-0.35985006247396917,-0.26655560183256993,-0.18658892128279886,-0.1199500208246565,-0.06663890045814246,-0.026655560183257036,0.0,0.013327780091628516,0.013327780091628516,1.0755285551056204e-16,-0.026655560183256856,-0.06663890045814233,-0.11995002082465633,-0.18658892128279844,-0.26655560183256943,-0.3598500624739689,-0.4664723032069969,-0.5864223240316534,-0.7197001249479377,-0.8663057059558511,-1.0262390670553931,-1.1995002082465636,-1.3860891295293616,-1.586005830903789,-1.7992503123698451,-2.0258225739275297,-2.2657226155768426,-2.5189504373177827,-2.7855060391503526,-3.0653894210745514,-3.3586005830903782,-3.665139525197834,-3.985006247396916],[-3.9983340274885464,-3.6784673052894625,-3.3719283631820076,-3.0787172011661803,-2.798833819241983,-2.5322782174094125,-2.279050395668471,-2.0391503540191587,-1.8125780924614747,-1.5993336109954186,-1.3994169096209912,-1.2128279883381927,-1.039566847147022,-0.8796334860474805,-0.7330279050395669,-0.5997501041232822,-0.4798000832986257,-0.37317784256559766,-0.2798833819241984,-0.19991670137442738,-0.13327780091628502,-0.07996668054977098,-0.03998334027488556,-0.013327780091628516,0.0,0.0,-0.013327780091628409,-0.03998334027488538,-0.07996668054977085,-0.13327780091628486,-0.19991670137442696,-0.2798833819241979,-0.3731778425655974,-0.4798000832986254,-0.5997501041232819,-0.7330279050395662,-0.8796334860474796,-1.0395668471470216,-1.212827988338192,-1.39941690962099,-1.5993336109954175,-1.8125780924614736,-2.0391503540191582,-2.279050395668471,-2.532278217409411,-2.798833819241981,-3.07871720116618,-3.3719283631820067,-3.6784673052894625,-3.9983340274885446],[-3.9983340274885464,-3.6784673052894625,-3.3719283631820076,-3.0787172011661803,-2.798833819241983,-2.5322782174094125,-2.279050395668471,-2.0391503540191587,-1.8125780924614747,-1.5993336109954186,-1.3994169096209912,-1.2128279883381927,-1.039566847147022,-0.8796334860474805,-0.7330279050395669,-0.5997501041232822,-0.4798000832986257,-0.37317784256559766,-0.2798833819241984,-0.19991670137442738,-0.13327780091628502,-0.07996668054977098,-0.03998334027488556,-0.013327780091628516,0.0,0.0,-0.013327780091628409,-0.03998334027488538,-0.07996668054977085,-0.13327780091628486,-0.19991670137442696,-0.2798833819241979,-0.3731778425655974,-0.4798000832986254,-0.5997501041232819,-0.7330279050395662,-0.8796334860474796,-1.0395668471470216,-1.212827988338192,-1.39941690962099,-1.5993336109954175,-1.8125780924614736,-2.0391503540191582,-2.279050395668471,-2.532278217409411,-2.798833819241981,-3.07871720116618,-3.3719283631820067,-3.6784673052894625,-3.9983340274885446],[-3.985006247396918,-3.665139525197834,-3.358600583090379,-3.065389421074552,-2.7855060391503543,-2.518950437317784,-2.2657226155768426,-2.02582257392753,-1.7992503123698464,-1.5860058309037903,-1.386089129529363,-1.1995002082465644,-1.0262390670553938,-0.8663057059558521,-0.7197001249479386,-0.5864223240316538,-0.4664723032069973,-0.3598500624739692,-0.26655560183257,-0.18658892128279897,-0.11995002082465661,-0.06663890045814257,-0.026655560183257147,-1.0755285551056204e-16,0.013327780091628409,0.013327780091628409,0.0,-0.026655560183256967,-0.06663890045814244,-0.11995002082465644,-0.18658892128279855,-0.2665556018325695,-0.35985006247396895,-0.46647230320699695,-0.5864223240316535,-0.7197001249479378,-0.8663057059558512,-1.0262390670553934,-1.1995002082465638,-1.3860891295293618,-1.5860058309037892,-1.7992503123698453,-2.0258225739275297,-2.2657226155768426,-2.5189504373177827,-2.7855060391503526,-3.0653894210745514,-3.3586005830903782,-3.665139525197834,-3.985006247396916],[-3.958350687213661,-3.638483965014577,-3.331945022907122,-3.038733860891295,-2.7588504789670973,-2.492294877134527,-2.2390670553935856,-1.9991670137442734,-1.7725947521865895,-1.5593502707205333,-1.359433569346106,-1.1728446480633075,-0.9995835068721367,-0.8396501457725951,-0.6930445647646816,-0.5597667638483969,-0.43981674302374035,-0.3331945022907123,-0.23990004164931306,-0.159933361099542,-0.09329446064139965,-0.0399833402748856,-1.8041124150158794e-16,0.026655560183256856,0.03998334027488538,0.03998334027488538,0.026655560183256967,0.0,-0.039983340274885475,-0.09329446064139948,-0.1599333610995416,-0.23990004164931256,-0.333194502290712,-0.43981674302374,-0.5597667638483965,-0.6930445647646808,-0.8396501457725942,-0.9995835068721363,-1.1728446480633068,-1.3594335693461048,-1.5593502707205322,-1.7725947521865884,-1.999167013744273,-2.2390670553935856,-2.4922948771345257,-2.7588504789670956,-3.0387338608912944,-3.3319450229071212,-3.638483965014577,-3.958350687213659],[-3.9183673469387754,-3.5985006247396916,-3.2919616826322367,-2.9987505206164093,-2.718867138692212,-2.4523115368596415,-2.1990837151187,-1.959183673469388,-1.732611411911704,-1.5193669304456479,-1.3194502290712204,-1.132861307788422,-0.9596001665972513,-0.7996668054977096,-0.6530612244897962,-0.5197834235735115,-0.39983340274885487,-0.2932111620158268,-0.19991670137442757,-0.11995002082465653,-0.05331112036651417,-1.249000902703301e-16,0.039983340274885294,0.06663890045814233,0.07996668054977085,0.07996668054977085,0.06663890045814244,0.039983340274885475,0.0,-0.053311120366514,-0.11995002082465611,-0.19991670137442707,-0.29321116201582653,-0.39983340274885454,-0.519783423573511,-0.6530612244897953,-0.7996668054977087,-0.9596001665972509,-1.1328613077884213,-1.3194502290712193,-1.5193669304456467,-1.7326114119117029,-1.9591836734693875,-2.1990837151187,-2.45231153685964,-2.71886713869221,-2.998750520616409,-3.2919616826322358,-3.5985006247396916,-3.9183673469387736],[-3.8650562265722614,-3.5451895043731776,-3.2386505622657227,-2.9454394002498954,-2.665556018325698,-2.3990004164931276,-2.145772594752186,-1.905872553102874,-1.67930029154519,-1.4660558100791339,-1.2661391087047065,-1.079550187421908,-0.9062890462307372,-0.7463556851311957,-0.5997501041232821,-0.4664723032069974,-0.34652228238234084,-0.2399000416493128,-0.14660558100791357,-0.06663890045814252,-1.6653345369377348e-16,0.05331112036651388,0.09329446064139929,0.11995002082465633,0.13327780091628486,0.13327780091628486,0.11995002082465644,0.09329446064139948,0.053311120366514,0.0,-0.06663890045814211,-0.14660558100791307,-0.23990004164931253,-0.3465222823823405,-0.46647230320699706,-0.5997501041232813,-0.7463556851311948,-0.9062890462307368,-1.0795501874219073,-1.2661391087047054,-1.4660558100791328,-1.679300291545189,-1.9058725531028735,-2.145772594752186,-2.3990004164931262,-2.665556018325696,-2.945439400249895,-3.238650562265722,-3.5451895043731776,-3.8650562265722597],[-3.7984173261141194,-3.4785506039150356,-3.1720116618075807,-2.8788004997917533,-2.598917117867556,-2.3323615160349855,-2.079133694294044,-1.8392336526447317,-1.6126613910870478,-1.3994169096209916,-1.1995002082465642,-1.0129112869637658,-0.8396501457725951,-0.6797167846730536,-0.53311120366514,-0.3998334027488553,-0.27988338192419876,-0.1732611411911707,-0.07996668054977146,-4.163336342344337e-16,0.06663890045814194,0.11995002082465599,0.1599333610995414,0.18658892128279844,0.19991670137442696,0.19991670137442696,0.18658892128279855,0.1599333610995416,0.11995002082465611,0.06663890045814211,0.0,-0.07996668054977096,-0.17326114119117042,-0.2798833819241984,-0.399833402748855,-0.5331112036651393,-0.6797167846730527,-0.8396501457725947,-1.012911286963765,-1.1995002082465631,-1.3994169096209905,-1.6126613910870466,-1.8392336526447313,-2.079133694294044,-2.332361516034984,-2.598917117867554,-2.878800499791753,-3.1720116618075798,-3.4785506039150356,-3.7984173261141176],[-3.7184506455643485,-3.3985839233652646,-3.0920449812578097,-2.7988338192419824,-2.518950437317785,-2.2523948354852146,-1.9991670137442732,-1.7592669720949607,-1.5326947105372768,-1.3194502290712207,-1.1195335276967933,-0.9329446064139948,-0.7596834652228242,-0.5997501041232827,-0.45314452311536907,-0.31986672219908435,-0.1999167013744278,-0.09329446064139973,-4.996003610813204e-16,0.07996668054977055,0.1466055810079129,0.19991670137442696,0.23990004164931236,0.26655560183256943,0.2798833819241979,0.2798833819241979,0.2665556018325695,0.23990004164931256,0.19991670137442707,0.14660558100791307,0.07996668054977096,0.0,-0.09329446064139946,-0.19991670137442746,-0.319866722199084,-0.4531445231153683,-0.5997501041232818,-0.7596834652228237,-0.9329446064139941,-1.1195335276967922,-1.3194502290712196,-1.5326947105372757,-1.7592669720949603,-1.9991670137442732,-2.2523948354852132,-2.518950437317783,-2.798833819241982,-3.092044981257809,-3.3985839233652646,-3.7184506455643467],[-3.625156184922949,-3.305289462723865,-2.9987505206164102,-2.705539358600583,-2.4256559766763854,-2.159100374843815,-1.9058725531028737,-1.6659725114535613,-1.4394002498958773,-1.2261557684298212,-1.0262390670553938,-0.8396501457725953,-0.6663890045814247,-0.5064556434818832,-0.3598500624739696,-0.2265722615576849,-0.10662224073302834,-2.7755575615628914e-16,0.09329446064139896,0.17326114119117,0.23990004164931236,0.2932111620158264,0.33319450229071185,0.3598500624739689,0.3731778425655974,0.3731778425655974,0.35985006247396895,0.333194502290712,0.29321116201582653,0.23990004164931253,0.17326114119117042,0.09329446064139946,0.0,-0.106622240733028,-0.22657226155768456,-0.35985006247396883,-0.5064556434818823,-0.6663890045814242,-0.8396501457725947,-1.0262390670553927,-1.22615576842982,-1.4394002498958762,-1.6659725114535608,-1.9058725531028737,-2.159100374843814,-2.4256559766763837,-2.7055393586005825,-2.9987505206164093,-3.305289462723865,-3.6251561849229472],[-3.518533944189921,-3.198667221990837,-2.8921282798833823,-2.598917117867555,-2.3190337359433575,-2.052478134110787,-1.7992503123698458,-1.5593502707205333,-1.3327780091628494,-1.1195335276967933,-0.9196168263223659,-0.7330279050395674,-0.5597667638483967,-0.39983340274885515,-0.2532278217409416,-0.11995002082465689,-3.3306690738754696e-16,0.10662224073302773,0.19991670137442696,0.27988338192419804,0.3465222823823404,0.3998334027488544,0.43981674302373985,0.4664723032069969,0.4798000832986254,0.4798000832986254,0.46647230320699695,0.43981674302374,0.39983340274885454,0.3465222823823405,0.2798833819241984,0.19991670137442746,0.106622240733028,0.0,-0.11995002082465656,-0.25322782174094083,-0.39983340274885426,-0.5597667638483963,-0.7330279050395667,-0.9196168263223647,-1.1195335276967922,-1.3327780091628483,-1.559350270720533,-1.7992503123698458,-2.052478134110786,-2.3190337359433557,-2.5989171178675545,-2.8921282798833814,-3.198667221990837,-3.5185339441899193],[-3.3985839233652646,-3.0787172011661808,-2.772178259058726,-2.4789670970428985,-2.199083715118701,-1.9325281132861307,-1.6793002915451893,-1.439400249895877,-1.212827988338193,-0.9995835068721367,-0.7996668054977093,-0.6130778842149108,-0.4398167430237402,-0.2798833819241986,-0.13327780091628505,-3.3306690738754696e-16,0.11995002082465622,0.22657226155768428,0.3198667221990835,0.3998334027488546,0.46647230320699695,0.5197834235735109,0.5597667638483964,0.5864223240316534,0.5997501041232819,0.5997501041232819,0.5864223240316535,0.5597667638483965,0.519783423573511,0.46647230320699706,0.399833402748855,0.319866722199084,0.22657226155768456,0.11995002082465656,0.0,-0.13327780091628427,-0.2798833819241977,-0.43981674302373974,-0.6130778842149102,-0.7996668054977082,-0.9995835068721356,-1.2128279883381916,-1.4394002498958764,-1.6793002915451893,-1.9325281132861294,-2.1990837151186993,-2.478967097042898,-2.772178259058725,-3.0787172011661808,-3.398583923365263],[-3.26530612244898,-2.9454394002498963,-2.6389004581424413,-2.345689296126614,-2.0658059142024165,-1.7992503123698462,-1.5460224906289048,-1.3061224489795924,-1.0795501874219084,-0.8663057059558524,-0.666389004581425,-0.47980008329862656,-0.3065389421074559,-0.14660558100791432,-7.771561172376096e-16,0.13327780091628394,0.2532278217409405,0.35985006247396856,0.4531445231153678,0.5331112036651389,0.5997501041232812,0.6530612244897952,0.6930445647646807,0.7197001249479377,0.7330279050395662,0.7330279050395662,0.7197001249479378,0.6930445647646808,0.6530612244897953,0.5997501041232813,0.5331112036651393,0.4531445231153683,0.35985006247396883,0.25322782174094083,0.13327780091628427,0.0,-0.14660558100791343,-0.30653894210745547,-0.4798000832986259,-0.6663890045814239,-0.8663057059558513,-1.0795501874219076,-1.306122448979592,-1.5460224906289048,-1.799250312369845,-2.0658059142024148,-2.3456892961266136,-2.6389004581424405,-2.9454394002498963,-3.2653061224489783],[-3.1187005414410667,-2.798833819241983,-2.492294877134528,-2.1990837151187006,-1.9192003331945031,-1.6526447313619328,-1.3994169096209914,-1.159516867971679,-0.9329446064139951,-0.719700124947939,-0.5197834235735116,-0.3331945022907131,-0.15993336109954248,-8.881784197001252e-16,0.14660558100791266,0.27988338192419737,0.3998334027488539,0.506455643481882,0.5997501041232812,0.6797167846730523,0.7463556851311947,0.7996668054977086,0.8396501457725941,0.8663057059558511,0.8796334860474796,0.8796334860474796,0.8663057059558512,0.8396501457725942,0.7996668054977087,0.7463556851311948,0.6797167846730527,0.5997501041232818,0.5064556434818823,0.39983340274885426,0.2798833819241977,0.14660558100791343,0.0,-0.15993336109954204,-0.33319450229071246,-0.5197834235735105,-0.7197001249479379,-0.932944606413994,-1.1595168679716785,-1.3994169096209914,-1.6526447313619315,-1.9192003331945013,-2.1990837151187,-2.492294877134527,-2.798833819241983,-3.118700541441065],[-2.9587671803415247,-2.638900458142441,-2.332361516034986,-2.0391503540191587,-1.7592669720949612,-1.4927113702623909,-1.2394835485214495,-0.999583506872137,-0.7730112453144531,-0.559766763848397,-0.35985006247396956,-0.1732611411911711,-4.440892098500626e-16,0.15993336109954115,0.3065389421074547,0.4398167430237394,0.559766763848396,0.666389004581424,0.7596834652228233,0.8396501457725943,0.9062890462307367,0.9596001665972507,0.9995835068721362,1.0262390670553931,1.0395668471470216,1.0395668471470216,1.0262390670553934,0.9995835068721363,0.9596001665972509,0.9062890462307368,0.8396501457725947,0.7596834652228237,0.6663890045814242,0.5597667638483963,0.43981674302373974,0.30653894210745547,0.15993336109954204,0.0,-0.17326114119117042,-0.35985006247396845,-0.5597667638483959,-0.773011245314452,-0.9995835068721366,-1.2394835485214495,-1.4927113702623895,-1.7592669720949594,-2.0391503540191582,-2.332361516034985,-2.638900458142441,-2.958767180341523],[-2.